-1.000000000000000000e+02
-1.000000000000000000e+02
-1.000000000000000000e+02
-1.000000000000000000e+02
-1.000000000000000000e+02
-1.000000000000000000e+02
-1.000000000000000000e+02
-1.000000000000000000e+02
-1.000000000000000000e+02
-1.000000000000000000e+02
9.159309223737210459e+00
-1.000000000000000000e+02
-1.000000000000000000e+02
-1.000000000000000000e+02
-1.000000000000000000e+02
-8.303483786521820775e+01
3.434457800247994896e+01
-1.000000000000000000e+02
3.358631603411751598e+00
-1.000000000000000000e+02
-1.000000000000000000e+02
-1.000000000000000000e+02
-1.000000000000000000e+02
3.952594339815270530e+01
-9.775973046509540154e+01
-1.000000000000000000e+02
8.235070983292359870e+00
-1.000000000000000000e+02
-1.000000000000000000e+02
7.011185307372201692e+00
-4.506271854752282024e+01
-1.000000000000000000e+02
-1.000000000000000000e+02
-1.000000000000000000e+02
-1.000000000000000000e+02
-1.000000000000000000e+02
5.773531560112463978e+01
1.786851742320669700e+01
3.220341844822196720e+01
-1.000000000000000000e+02
-1.000000000000000000e+02
4.494192647291100684e+00
-1.000000000000000000e+02
-1.000000000000000000e+02
6.719229076504802833e+01
6.437286236332525391e+00
-1.000000000000000000e+02
8.347916469229646452e+01
-1.000000000000000000e+02
-2.612263980889721893e+01
2.776113650714806624e+01
4.735649769453302582e+01
-1.000000000000000000e+02
6.486871888397976704e+01
1.685785875791260935e+01
1.038682736654709515e+01
-1.000000000000000000e+02
-1.000000000000000000e+02
4.102635297185230456e+01
-1.000000000000000000e+02
6.729931406126397064e+01
3.287326344878609063e+01
1.307067060206841802e+01
3.532722563434953145e+01
-1.000000000000000000e+02
3.770685105390484182e+01
9.488416549609659967e+01
-1.000000000000000000e+02
3.827314436696640598e+01
-1.000000000000000000e+02
-1.000000000000000000e+02
5.536452958423647885e+01
6.069131518617459164e+01
5.922765039319628499e+01
5.960862750185717829e+01
6.485356197745110762e+01
6.097068589779645720e+01
-7.508935570697576622e+01
3.904357847185632835e+01
-1.000000000000000000e+02
1.233855303539431247e+01
3.983711932925940857e+01
3.277217063698634547e+01
-1.000000000000000000e+02
-1.000000000000000000e+02
5.343741194832824704e+01
9.748990719537705729e+01
7.201718235231176379e+01
6.267952106492325015e+01
4.418291706185127055e+01
7.933287322197922720e+01
4.239249438934444925e+01
5.215432941784502674e+01
6.619254966539006091e+01
-1.000000000000000000e+02
7.027530386085673797e+01
-1.000000000000000000e+02
1.755005218692571134e+01
6.905969030374899376e+01
7.617284641485636598e+01
9.545469010486021944e+01
6.709832996985569764e+01
9.428475507279955536e+01
7.714354097939789767e+01
6.526568457505152310e+01
7.889350451197167047e+01
6.980095242358582652e+01
-1.000000000000000000e+02
7.908575973427328165e+01
6.925504499390874003e+01
4.846671449513179653e+01
6.978235158190881293e+01
-1.000000000000000000e+02
5.959961501991763555e+01
7.770432597690555099e+01
5.353936985143477045e+01
8.722416696311417184e+01
5.026957913278640433e+01
6.893163265994925837e+01
-1.000000000000000000e+02
9.536580575683140637e+01
7.704585383182967462e+01
7.048446305744791118e+01
9.053607486407891258e+01
7.557411251352232284e+01
7.708691505140356526e+01
6.275502893883309952e+01
7.031966834338714989e+01
8.884054989234039112e+01
8.817039139728858288e+01
-1.000000000000000000e+02
9.602633178542888004e+01
9.221478210505031825e+01
8.914100117891739217e+01
9.731641264354979626e+01
9.600319254773971522e+01
9.637664726524604930e+01
9.119575196482070112e+01
6.063899125067986517e+01
9.071017794171150683e+01
8.960147766417784965e+01
2.675724093340531340e+01
9.899231236198038175e+01
-1.000000000000000000e+02
6.334106666607005565e+01
9.809762052102242080e+01
1.282429777411559257e+01
3.773241517180709081e+01
9.781716725686872849e+01
9.369624697917711842e+01
5.953467677457916096e+01
8.906953179677319099e+01
9.863263532678971046e+01
9.500812396419121342e+01
9.707099111379930889e+01
9.875484563937679638e+01
9.894293456550242638e+01
3.310437527237624522e+01
9.967096963921672170e+01
9.375147582628351017e+01
9.360608392830455671e+01
9.789453761612932681e+01
9.632083899838922036e+01
9.363178126561726344e+01
-1.000000000000000000e+02
9.673910567828234264e+01
9.955905803415615196e+01
9.970174302505272124e+01
9.866759408415769883e+01
9.867189851585467864e+01
9.614668872663509092e+01
6.775068810431682209e+01
-1.000000000000000000e+02
8.934907412330800014e+01
9.682448699443708051e+01
9.667586552065286298e+01
9.927042541257701203e+01
9.925842817931390982e+01
9.792629420372479387e+01
9.784014267115394148e+01
9.613155354158907073e+01
2.790732611150792764e+01
9.844354993332660797e+01
9.973367973894426086e+01
9.988506160137593781e+01
8.725056000453506044e+01
2.291263455578162223e+01
6.098690691396517849e+01
9.825165021454472480e+01
9.646073191551496961e+01
9.970738271959667998e+01
-1.000000000000000000e+02
9.922820819423864691e+01
9.821808767754527025e+01
9.782466085075583351e+01
9.989102241517495884e+01
9.961881979224375527e+01
9.917088794403194640e+01
9.720737871957217635e+01
9.976236456961727583e+01
9.984709913605661313e+01
9.960461539523380736e+01
9.874774517845087018e+01
9.823127887312402606e+01
9.984121611941802144e+01
9.986071389829318434e+01
9.986044895463554383e+01
9.985973235367885081e+01
9.985991984845156821e+01
9.985856062268173616e+01
9.985938673133318844e+01
9.986189673309787906e+01
9.986317553471651820e+01
9.986136567567217526e+01
9.986079650479790359e+01
9.986061881964998577e+01
9.986088587460361055e+01
9.985986649944447890e+01
9.986043668440147769e+01
9.985905215143350233e+01
9.985953968676312797e+01
9.985959750149183378e+01
9.986104774808890738e+01
9.985983048416400720e+01
9.985988258935755368e+01
9.985965425663992789e+01
9.985881951028002845e+01
9.986056727178267067e+01
9.986182485522111563e+01
9.985865696767586996e+01
9.985983648079431418e+01
9.986081335474780474e+01
9.986022939271320809e+01
9.985995846966578426e+01
9.986068534526506824e+01
9.986021891630284131e+01
9.985931979721631535e+01
9.986341129194236999e+01
9.985941273117241224e+01
9.985829027570001415e+01
9.986074744223292043e+01
9.986028739950813815e+01
9.986164985450210452e+01
9.986190821003013696e+01
9.986059628670979293e+01
9.985947503690901783e+01
9.985969217923134522e+01
9.986219348595163581e+01
9.985874350592089854e+01
9.986131959269449965e+01
9.985984165669857759e+01
9.986058278587032078e+01
9.985985503060450696e+01
9.986062862718858923e+01
9.986172599279885276e+01
9.985974191637191666e+01
9.985772651929929111e+01
9.985993805665361833e+01
9.985859415943183137e+01
9.985977938024781508e+01
9.985959144038550050e+01
9.986013302868455810e+01
9.986059363779186526e+01
9.985965530094254916e+01
9.986014432957195197e+01
9.985994896140252308e+01
9.986061330038278072e+01
9.985934847030212325e+01
9.986094026369461574e+01
9.986162035090349320e+01
9.985985149010322459e+01
9.986070484534577929e+01
9.986393425947234448e+01
9.986102246159282458e+01
9.986081831236218420e+01
9.986010620707344287e+01
9.985906871760359138e+01
9.986000943997544255e+01
9.985888987500381120e+01
9.986065626623546621e+01
9.985887734303938146e+01
9.985902093094973964e+01
9.986481012288278691e+01
9.986034003364684963e+01
9.986004069001992889e+01
9.985824186750153331e+01
9.986007174819397392e+01
9.986142375989906839e+01
9.985816507480612358e+01
9.986099206073004098e+01
9.985802989200337265e+01
9.986179008948330704e+01
9.985952705478092639e+01
9.985925426489282586e+01
9.985973882476255881e+01
9.985913372131673782e+01
9.986159617257378329e+01
9.985848294665164815e+01
9.985956115723473658e+01
9.985933146008044048e+01
9.985660594668090084e+01
9.986014841831054412e+01
9.985990436038019880e+01
9.985981151522543087e+01
9.985945319591739633e+01
9.985901084528836691e+01
9.985960890399994128e+01
9.985986086177121024e+01
9.986056092865513278e+01
9.986018585115807866e+01
9.985967935495494885e+01
9.986085414160172036e+01
9.985806637787484874e+01
9.985934439046123146e+01
9.986111548501958168e+01
9.986032461984909503e+01
9.985903737510844280e+01
9.986057548674426698e+01
9.985813241147745600e+01
9.986068469484312971e+01
9.985933369877172083e+01
9.985957675535232170e+01
9.985915063477764875e+01
9.985866411690660982e+01
9.985796219850706734e+01
9.986052752594335402e+01
9.986047854244760913e+01
9.985974389209411584e+01
9.985963033151101342e+01
9.986259917785925211e+01
9.986076348936401814e+01
9.985828903680588553e+01
9.985944067747207953e+01
9.986080572367039565e+01
9.986042562226556640e+01
9.986100302356108216e+01
9.985931474928770513e+01
9.985850828208654661e+01
9.985993963020395370e+01
9.986117388647396353e+01
9.985934037965085963e+01
9.985860036917431160e+01
9.985925210475133440e+01
9.985939596025914966e+01
9.985919752983696185e+01
9.985869769894304682e+01
9.985963470585190294e+01
9.985829932285321320e+01
9.986005537395956821e+01
9.986213619545816300e+01
9.985741538035601650e+01
9.985910849776671228e+01
9.986233527209421368e+01
9.986034947350815116e+01
9.986085165679068609e+01
9.985966606961920888e+01
9.986145816055686453e+01
9.986107485844794951e+01
9.986101626953002608e+01
9.986132675020533611e+01
9.985845925614020757e+01
9.986076988544517974e+01
9.986087205333342354e+01
9.985775698326786198e+01
9.985668542916249635e+01
9.986093192094926962e+01
9.985940394091626615e+01
9.986203165404577931e+01
9.986142273838845540e+01
9.985663572589946568e+01
9.986144121232858595e+01
9.985965240632332041e+01
9.985898545576456797e+01
9.986003645135689055e+01
9.986074382269832483e+01
9.986051764696610178e+01
9.986154458394814526e+01
9.985958593947418649e+01
9.986074247914982038e+01
9.985991998252315227e+01
9.985772266175382583e+01
9.985972943600602036e+01
9.986220878175053883e+01
9.985934652745893914e+01
9.986081265848260102e+01
9.985997240433721345e+01
9.985972315280751843e+01
9.985892787502531576e+01
9.985790671178770594e+01
9.986125024199388633e+01
9.986090015657605079e+01
9.985992738729808593e+01
9.985887407227134815e+01
9.985997597213270183e+01
9.986156257127663594e+01
9.986206496758917694e+01
9.985914182958499907e+01
9.986012995082282373e+01
9.985881324186877350e+01
9.985929490015143983e+01
9.986126952589530958e+01
9.985921801288152722e+01
9.985975538281719821e+01
9.986235862611006553e+01
9.985975316944087865e+01
9.985968394081103838e+01
9.985804201810074687e+01
9.986110945997813815e+01
9.985794763202157753e+01
9.985886418186694868e+01
9.985928380921593828e+01
9.986007925595826862e+01
9.985988730863294904e+01
9.986136126407531322e+01
9.986076722873225719e+01
9.986042593789808564e+01
9.986499094501141371e+01
9.986099411779557045e+01
9.986043448185888849e+01
9.985864876969220916e+01
9.985755432650792329e+01
9.986067514714702043e+01
9.985993346712618290e+01
9.985946488125824771e+01
9.985992403865419931e+01
9.985919113442912476e+01
9.986103693264212211e+01
9.985862169695407431e+01
9.986227616283287034e+01
9.986195972848270230e+01
9.985942130621556601e+01
9.986121209639559027e+01
9.986243549280169418e+01
9.986020300451482967e+01
9.985934132141021280e+01
9.985891607928006408e+01
9.986107211746755752e+01
9.986027964171134386e+01
9.986140049099998350e+01
9.985968597083281395e+01
9.986139007636853648e+01
9.985940401446242731e+01
9.986109269923403531e+01
9.985831866427973580e+01
9.985839601598804904e+01
9.986219813026552572e+01
9.986155985311046379e+01
9.985851328053227860e+01
9.986065628282119633e+01
9.986049030630140066e+01
9.986120957407933929e+01
9.985798269181383091e+01
9.985865116221987137e+01
9.985996789178740585e+01
9.986029545066945445e+01
9.986138548474531262e+01
9.985875931169736930e+01
9.986198607281920658e+01
9.986149687715307266e+01
9.985938371609506703e+01
9.985970309558838665e+01
9.986041514865321744e+01
9.985896965087772514e+01
9.986056087236124768e+01
9.986117213702323170e+01
9.986098974278235119e+01
9.985977665010150872e+01
9.986149028949080275e+01
9.986134701296232663e+01
9.985919581748240148e+01
9.985961683606930706e+01
9.986105382103892225e+01
9.986051650743992525e+01
9.986245049767293835e+01
9.986160746032790314e+01
9.986210730995199469e+01
9.985989497756278865e+01
9.986151986381224788e+01
9.986007619016190517e+01
9.986021922166636955e+01
9.986014817780660735e+01
9.985981409364622152e+01
9.985638527373114925e+01
9.985866715814582051e+01
9.986031272183470264e+01
9.986042899070416468e+01
9.985861828865508016e+01
9.986087845686652997e+01
9.986107260447209910e+01
9.986034910472136517e+01
9.986031334697320005e+01
9.986048674264732483e+01
9.985952055497919844e+01
9.986217009294668401e+01
9.985946422088301233e+01
9.986030921423343898e+01
9.985971436474342511e+01
9.985902636250311559e+01
9.985844958810216099e+01
9.986089481291037373e+01
9.986195730449780683e+01
